phychems['PHE'] = [11, 0, 2, 0.61, -2.5, 0.82, 5.755, 147.2, 5.27, 0.0946]
phychems['GLY'] = [4, 0, 2, 0.16, 0, -0.07, 6.065, 57, -1.62, 0.005]
phychems['HIS'] = [10, 0, 4, -0.4, -0.5, 0.41, 5.565, 137.1, 1.28, 0.0242]
phychems['ILE'] = [8, 0, 2, 0.73, -1.8, 0.44, 6.04, 113.2, 5.58, 0]
phychems['LYS'] = [9, 1, 2, -1.1, 3, -0.36, 5.61, 128.2, -4.18, 0.0371]
phychems['LEU'] = [8, 0, 2, 0.53, -1.8, 0.4, 6.035, 113.2, 5.01, 0]
phychems['MET'] = [8, 0, 2, 0.26, -1.3, 0.66, 5.705, 131.2, 3.51, 0.0823]
phychems['ASN'] = [8, 0, 4, -0.64, 0.2, 0.12, 5.43, 114.1, -2.65, 0.0036]
phychems['PRO'] = [7, 0, 2, -0.07, 0, -0.25, 6.295, 97.1, -3.03, 0.0198]
phychems['GLN'] = [9, 0, 4, -0.69, 0.2, -0.11, 5.65, 128.1, -2.76, 0.0761]
phychems['ARG'] = [11, 1, 4, -1.76, -0.5, 0.27, 5.405, 156.2, -0.93, 0.0959]
phychems['SER'] = [6, 0, 4, -0.26, 0.3, -0.33, 5.7, 87.1, -2.84, 0.0829]
phychems['THR'] = [7, 0, 4, -0.18, -0.4, -0.18, 5.595, 101.1, -1.2, 0.0941]
phychems['VAL'] = [7, 0, 2, 0.54, -1.5, 0.27, 6.015, 99.1, 4.45, 0.0057]
phychems['TRP'] = [14, 0, 3, 0.37, -3.4, 0.83, 5.935, 186.2, 52, 0.0548]
phychems['TYR'] = [12, 0, 3, 0.02, -2.3, 0.66, 5.705, 163.2, 2.15, 0.0516]